head, neck, torso, left_shoulder, right_shoulder,left_elbow, right_elbow, left_hand, right_hand, left_hip, right_hip, left_knee, right_knee, left_feet, right_feet
[ NaN, NaN, 0.0 ],[ NaN, NaN, 0.0 ],[ NaN, NaN, 0.0 ],[ NaN, NaN, 0.0 ],[ NaN, NaN, 0.0 ],[ NaN, NaN, 0.0 ],[ NaN, NaN, 0.0 ],[ NaN, NaN, 0.0 ],[ NaN, NaN, 0.0 ],[ NaN, NaN, 0.0 ],[ NaN, NaN, 0.0 ],[ NaN, NaN, 0.0 ],[ NaN, NaN, 0.0 ],[ NaN, NaN, 0.0 ],[ NaN, NaN, 0.0 ]
[ NaN, NaN, 0.0 ],[ NaN, NaN, 0.0 ],[ NaN, NaN, 0.0 ],[ NaN, NaN, 0.0 ],[ NaN, NaN, 0.0 ],[ NaN, NaN, 0.0 ],[ NaN, NaN, 0.0 ],[ NaN, NaN, 0.0 ],[ NaN, NaN, 0.0 ],[ NaN, NaN, 0.0 ],[ NaN, NaN, 0.0 ],[ NaN, NaN, 0.0 ],[ NaN, NaN, 0.0 ],[ NaN, NaN, 0.0 ],[ NaN, NaN, 0.0 ]
[ NaN, NaN, 0.0 ],[ NaN, NaN, 0.0 ],[ NaN, NaN, 0.0 ],[ NaN, NaN, 0.0 ],[ NaN, NaN, 0.0 ],[ NaN, NaN, 0.0 ],[ NaN, NaN, 0.0 ],[ NaN, NaN, 0.0 ],[ NaN, NaN, 0.0 ],[ NaN, NaN, 0.0 ],[ NaN, NaN, 0.0 ],[ NaN, NaN, 0.0 ],[ NaN, NaN, 0.0 ],[ NaN, NaN, 0.0 ],[ NaN, NaN, 0.0 ]
[ NaN, NaN, 0.0 ],[ NaN, NaN, 0.0 ],[ NaN, NaN, 0.0 ],[ NaN, NaN, 0.0 ],[ NaN, NaN, 0.0 ],[ NaN, NaN, 0.0 ],[ NaN, NaN, 0.0 ],[ NaN, NaN, 0.0 ],[ NaN, NaN, 0.0 ],[ NaN, NaN, 0.0 ],[ NaN, NaN, 0.0 ],[ NaN, NaN, 0.0 ],[ NaN, NaN, 0.0 ],[ NaN, NaN, 0.0 ],[ NaN, NaN, 0.0 ]
[ NaN, NaN, 0.0 ],[ NaN, NaN, 0.0 ],[ NaN, NaN, 0.0 ],[ NaN, NaN, 0.0 ],[ NaN, NaN, 0.0 ],[ NaN, NaN, 0.0 ],[ NaN, NaN, 0.0 ],[ NaN, NaN, 0.0 ],[ NaN, NaN, 0.0 ],[ NaN, NaN, 0.0 ],[ NaN, NaN, 0.0 ],[ NaN, NaN, 0.0 ],[ NaN, NaN, 0.0 ],[ NaN, NaN, 0.0 ],[ NaN, NaN, 0.0 ]
[ NaN, NaN, 0.0 ],[ NaN, NaN, 0.0 ],[ NaN, NaN, 0.0 ],[ NaN, NaN, 0.0 ],[ NaN, NaN, 0.0 ],[ NaN, NaN, 0.0 ],[ NaN, NaN, 0.0 ],[ NaN, NaN, 0.0 ],[ NaN, NaN, 0.0 ],[ NaN, NaN, 0.0 ],[ NaN, NaN, 0.0 ],[ NaN, NaN, 0.0 ],[ NaN, NaN, 0.0 ],[ NaN, NaN, 0.0 ],[ NaN, NaN, 0.0 ]
[ NaN, NaN, 0.0 ],[ NaN, NaN, 0.0 ],[ NaN, NaN, 0.0 ],[ NaN, NaN, 0.0 ],[ NaN, NaN, 0.0 ],[ NaN, NaN, 0.0 ],[ NaN, NaN, 0.0 ],[ NaN, NaN, 0.0 ],[ NaN, NaN, 0.0 ],[ NaN, NaN, 0.0 ],[ NaN, NaN, 0.0 ],[ NaN, NaN, 0.0 ],[ NaN, NaN, 0.0 ],[ NaN, NaN, 0.0 ],[ NaN, NaN, 0.0 ]
[ NaN, NaN, 0.0 ],[ NaN, NaN, 0.0 ],[ NaN, NaN, 0.0 ],[ NaN, NaN, 0.0 ],[ NaN, NaN, 0.0 ],[ NaN, NaN, 0.0 ],[ NaN, NaN, 0.0 ],[ NaN, NaN, 0.0 ],[ NaN, NaN, 0.0 ],[ NaN, NaN, 0.0 ],[ NaN, NaN, 0.0 ],[ NaN, NaN, 0.0 ],[ NaN, NaN, 0.0 ],[ NaN, NaN, 0.0 ],[ NaN, NaN, 0.0 ]
[ NaN, NaN, 0.0 ],[ NaN, NaN, 0.0 ],[ NaN, NaN, 0.0 ],[ NaN, NaN, 0.0 ],[ NaN, NaN, 0.0 ],[ NaN, NaN, 0.0 ],[ NaN, NaN, 0.0 ],[ NaN, NaN, 0.0 ],[ NaN, NaN, 0.0 ],[ NaN, NaN, 0.0 ],[ NaN, NaN, 0.0 ],[ NaN, NaN, 0.0 ],[ NaN, NaN, 0.0 ],[ NaN, NaN, 0.0 ],[ NaN, NaN, 0.0 ]
[ NaN, NaN, 0.0 ],[ NaN, NaN, 0.0 ],[ NaN, NaN, 0.0 ],[ NaN, NaN, 0.0 ],[ NaN, NaN, 0.0 ],[ NaN, NaN, 0.0 ],[ NaN, NaN, 0.0 ],[ NaN, NaN, 0.0 ],[ NaN, NaN, 0.0 ],[ NaN, NaN, 0.0 ],[ NaN, NaN, 0.0 ],[ NaN, NaN, 0.0 ],[ NaN, NaN, 0.0 ],[ NaN, NaN, 0.0 ],[ NaN, NaN, 0.0 ]
[ NaN, NaN, 0.0 ],[ NaN, NaN, 0.0 ],[ NaN, NaN, 0.0 ],[ NaN, NaN, 0.0 ],[ NaN, NaN, 0.0 ],[ NaN, NaN, 0.0 ],[ NaN, NaN, 0.0 ],[ NaN, NaN, 0.0 ],[ NaN, NaN, 0.0 ],[ NaN, NaN, 0.0 ],[ NaN, NaN, 0.0 ],[ NaN, NaN, 0.0 ],[ NaN, NaN, 0.0 ],[ NaN, NaN, 0.0 ],[ NaN, NaN, 0.0 ]
[ 606.4273, 60.10378, 1050.2129 ],[ 639.35315, 202.498, 1025.6538 ],[ 640.1038, 315.23334, 1006.0288 ],[ 797.4813, 198.21536, 1004.53467 ],[ 487.6057, 206.60782, 1046.773 ],[ 874.16956, 343.33362, 1021.93335 ],[ 401.2102, 351.6007, 1015.6344 ],[ 1075.2617, 521.781, 884.7685 ],[ 173.01501, 526.63586, 941.701 ],[ 733.9018, 432.77917, 974.3563 ],[ 550.1116, 432.1378, 998.4513 ],[ 782.75415, 660.6059, 1027.0627 ],[ 525.0071, 674.1393, 1009.22437 ],[ 728.21893, 817.4104, 1141.7709 ],[ 565.036, 864.6802, 1077.3364 ]
[ 594.7187, 54.685463, 1034.7557 ],[ 627.7484, 203.82504, 1016.78375 ],[ 627.3976, 317.55264, 999.70825 ],[ 784.9682, 200.62518, 997.7385 ],[ 476.30994, 206.90723, 1035.829 ],[ 872.8031, 346.20056, 1010.76935 ],[ 387.1494, 349.39334, 1015.4531 ],[ 1082.45, 527.25006, 863.34454 ],[ 153.03394, 525.3821, 940.49304 ],[ 719.0721, 435.9455, 971.77277 ],[ 537.0093, 434.5357, 993.49274 ],[ 774.13367, 661.62134, 1028.0123 ],[ 525.0208, 679.6382, 999.5063 ],[ 720.36304, 821.50977, 1137.306 ],[ 565.4935, 868.8214, 1071.1705 ]
[ 582.98926, 51.203156, 1018.31384 ],[ 616.1992, 203.55101, 1005.19867 ],[ 614.05505, 318.45508, 991.6966 ],[ 775.64233, 202.35037, 991.37756 ],[ 461.08118, 204.71904, 1019.0198 ],[ 871.6899, 349.92944, 996.1784 ],[ 366.55786, 343.72205, 1015.88916 ],[ 1084.1692, 531.47015, 849.37366 ],[ 141.17151, 519.73157, 935.5605 ],[ 704.49493, 437.72134, 970.33136 ],[ 520.6859, 435.3601, 986.0577 ],[ 763.4349, 660.867, 1030.2819 ],[ 522.4457, 683.8341, 986.83527 ],[ 712.6412, 823.45123, 1134.5391 ],[ 562.9809, 872.9851, 1060.5977 ]
[ 575.7663, 47.65066, 1000.7106 ],[ 609.3108, 202.91371, 998.87006 ],[ 605.6328, 318.95978, 987.458 ],[ 769.24426, 203.07788, 988.08105 ],[ 452.79535, 202.75307, 1009.65906 ],[ 869.83563, 352.50366, 987.7243 ],[ 357.3341, 340.02164, 1014.4305 ],[ 1081.8375, 535.97235, 834.95667 ],[ 126.694214, 518.49426, 936.48285 ],[ 695.3287, 439.31445, 969.8544 ],[ 509.58728, 436.14465, 982.23755 ],[ 753.72253, 661.64526, 1031.1224 ],[ 518.0817, 687.8174, 976.33075 ],[ 705.4548, 826.6157, 1131.2892 ],[ 558.75903, 877.135, 1051.7958 ]
[ 564.7467, 39.711113, 970.8541 ],[ 598.11816, 202.54466, 995.5266 ],[ 593.33954, 318.60663, 984.6603 ],[ 757.3878, 203.2486, 984.7508 ],[ 442.25952, 201.8558, 1006.3024 ],[ 866.82666, 354.59506, 977.6605 ],[ 350.69324, 338.82217, 1016.4749 ],[ 1080.9973, 541.5171, 826.07745 ],[ 115.458496, 515.49884, 932.4427 ],[ 680.53754, 439.15192, 967.6678 ],[ 497.52246, 435.38922, 979.9201 ],[ 742.7641, 660.79803, 1030.4117 ],[ 512.6214, 690.2748, 966.32996 ],[ 695.3477, 828.62683, 1126.3293 ],[ 554.71594, 879.8065, 1043.5499 ]
[ 560.89325, 39.530964, 970.57715 ],[ 588.81226, 202.06819, 995.6463 ],[ 583.7361, 318.30972, 983.6322 ],[ 746.3519, 202.94926, 986.1396 ],[ 434.25256, 201.20374, 1005.153 ],[ 863.6838, 356.31555, 974.3219 ],[ 341.66528, 339.63522, 1014.82263 ],[ 1077.5984, 544.1849, 817.06635 ],[ 109.21643, 514.6878, 925.688 ],[ 672.4153, 439.30426, 966.0647 ],[ 485.7207, 435.5689, 977.1715 ],[ 733.51416, 661.4078, 1029.367 ],[ 506.4347, 692.367, 960.4918 ],[ 687.97314, 831.2956, 1122.7358 ],[ 550.479, 882.2507, 1038.6588 ]
[ 559.3688, 41.648598, 974.91077 ],[ 582.7589, 202.92957, 996.81604 ],[ 577.059, 318.96637, 983.973 ],[ 739.3264, 204.13419, 987.93604 ],[ 428.95618, 201.74625, 1005.69604 ],[ 859.4981, 357.30957, 967.84296 ],[ 335.26013, 340.31952, 1012.52966 ],[ 1072.5063, 544.9817, 807.6822 ],[ 101.73474, 513.2533, 919.89575 ],[ 665.5568, 440.07315, 965.8948 ],[ 477.8717, 436.09286, 976.36523 ],[ 725.22955, 663.4064, 1026.5747 ],[ 500.12903, 693.6961, 957.2396 ],[ 680.86194, 834.6298, 1118.0513 ],[ 545.0629, 883.8045, 1035.4381 ]
[ 556.96155, 41.783867, 976.89886 ],[ 578.60974, 202.65282, 996.87335 ],[ 573.5076, 318.88885, 984.4815 ],[ 735.0916, 203.75505, 989.3599 ],[ 424.469, 201.56703, 1004.3868 ],[ 856.99066, 357.1001, 963.63715 ],[ 330.55396, 340.05057, 1010.1885 ],[ 1071.4763, 544.78217, 804.11365 ],[ 100.72778, 505.22336, 920.3173 ],[ 664.3973, 439.86462, 967.5737 ],[ 473.04248, 436.32855, 976.6056 ],[ 717.83984, 666.2149, 1022.3403 ],[ 493.40027, 694.2404, 956.3872 ],[ 675.35547, 837.62256, 1114.2006 ],[ 536.68713, 885.8719, 1032.7075 ]
[ 553.3053, 40.573826, 974.1091 ],[ 572.78345, 202.66405, 995.46234 ],[ 568.1112, 318.96463, 983.5286 ],[ 732.0019, 203.61778, 988.27203 ],[ 415.84863, 201.724, 1002.65265 ],[ 851.2022, 356.7539, 958.2915 ],[ 326.2339, 339.25525, 1009.17303 ],[ 1065.349, 542.7069, 802.0301 ],[ 96.35596, 503.71237, 918.27966 ],[ 660.2156, 439.74576, 967.31024 ],[ 467.2837, 436.51285, 975.8796 ],[ 711.05115, 668.34985, 1017.1869 ],[ 487.042, 693.8628, 956.68536 ],[ 669.0566, 839.4677, 1109.8867 ],[ 529.6991, 885.76935, 1032.159 ]
[ 548.426, 39.42444, 969.35596 ],[ 568.05725, 202.35915, 994.80414 ],[ 564.2522, 318.47693, 982.9146 ],[ 727.9021, 202.77838, 987.2706 ],[ 410.6151, 201.94626, 1002.33765 ],[ 847.05023, 355.13077, 956.9859 ],[ 323.96985, 338.78668, 1011.0236 ],[ 1063.0466, 543.39716, 800.7232 ],[ 102.62622, 494.0938, 917.02704 ],[ 657.8856, 438.78903, 966.5234 ],[ 463.7223, 436.0999, 975.5268 ],[ 704.34326, 669.2128, 1012.85815 ],[ 481.55768, 693.36444, 955.72375 ],[ 663.0136, 840.13135, 1106.1744 ],[ 521.30786, 884.73914, 1031.8936 ]
[ 547.9618, 28.040712, 933.691 ],[ 564.7479, 199.76906, 988.1852 ],[ 561.6576, 317.25317, 978.919 ],[ 721.91693, 199.44443, 977.35394 ],[ 410.98694, 200.08664, 999.0164 ],[ 843.578, 354.55948, 957.5126 ],[ 320.75592, 336.663, 1007.8703 ],[ 1062.2983, 543.9323, 800.6183 ],[ 95.09839, 493.92184, 912.4551 ],[ 656.6212, 438.42178, 962.98785 ],[ 461.73462, 435.56332, 976.3178 ],[ 698.38727, 670.79785, 1007.0487 ],[ 476.6598, 692.1645, 957.1225 ],[ 658.29095, 841.60815, 1101.3458 ],[ 513.85913, 882.5914, 1034.1628 ]
[ 544.89685, 22.143593, 912.7052 ],[ 560.183, 199.10913, 983.37317 ],[ 557.96686, 317.23975, 975.2404 ],[ 718.16644, 197.94293, 969.35706 ],[ 406.63953, 200.24257, 997.3893 ],[ 839.2964, 353.8417, 953.92926 ],[ 318.5055, 336.09003, 1006.2112 ],[ 1060.7965, 542.7823, 798.1639 ],[ 89.124146, 491.19797, 910.0828 ],[ 653.1574, 438.76324, 958.5554 ],[ 459.97797, 435.9758, 975.6599 ],[ 692.92035, 671.8001, 1003.1089 ],[ 471.36267, 692.2666, 957.2769 ],[ 653.51996, 842.5646, 1097.904 ],[ 506.96545, 881.7896, 1035.2659 ]
[ 542.8077, 19.64056, 906.5327 ],[ 559.334, 199.89014, 985.03253 ],[ 556.1457, 317.46017, 974.8471 ],[ 717.79614, 199.13174, 971.70154 ],[ 405.1037, 200.62825, 998.3635 ],[ 837.6551, 354.43176, 952.34955 ],[ 317.70312, 335.64023, 1007.4399 ],[ 1058.891, 544.1135, 794.32367 ],[ 85.96484, 492.8567, 907.42975 ],[ 650.9112, 439.06125, 956.53955 ],[ 456.50574, 435.99054, 972.7838 ],[ 687.38696, 672.9465, 1000.2228 ],[ 466.28168, 692.5436, 955.22064 ],[ 648.93774, 842.90485, 1096.4309 ],[ 500.4735, 881.05804, 1034.8776 ]
[ 540.307, 20.715084, 910.9633 ],[ 557.868, 200.23409, 986.2499 ],[ 554.7687, 317.50195, 974.6542 ],[ 716.39435, 199.36412, 973.44604 ],[ 403.40503, 201.08171, 999.0537 ],[ 832.68665, 353.6509, 945.9101 ],[ 313.68872, 336.03082, 1007.97437 ],[ 1048.6886, 541.78394, 790.8743 ],[ 87.18164, 488.67303, 908.16144 ],[ 649.2714, 438.98212, 955.31226 ],[ 455.47675, 436.22757, 970.8047 ],[ 682.7698, 673.7596, 997.9927 ],[ 461.73065, 693.3902, 953.0833 ],[ 644.7881, 843.55524, 1094.7802 ],[ 494.69543, 881.2627, 1034.0797 ]
[ 539.77655, 22.195206, 914.30023 ],[ 556.8365, 200.93138, 987.0417 ],[ 553.6885, 317.91016, 973.9788 ],[ 715.6899, 200.04993, 974.9011 ],[ 401.84338, 201.79143, 999.18225 ],[ 833.2635, 354.3927, 943.2936 ],[ 306.42053, 334.95496, 1008.04144 ],[ 1046.9243, 543.39606, 786.29236 ],[ 168.35132, 455.94617, 957.6244 ],[ 649.4079, 439.36053, 953.51556 ],[ 453.01453, 436.798, 968.31635 ],[ 678.5628, 675.0918, 995.213 ],[ 456.80286, 694.3094, 951.18835 ],[ 640.1056, 846.0045, 1090.6039 ],[ 489.10352, 882.66656, 1031.7668 ]
[ 540.32336, 24.726887, 923.2483 ],[ 555.90485, 201.47018, 987.6486 ],[ 553.03516, 317.96088, 973.5047 ],[ 714.6546, 200.50961, 976.5624 ],[ 400.67944, 202.40944, 998.73486 ],[ 833.79987, 353.74216, 940.5714 ],[ 303.92633, 334.3402, 1007.88116 ],[ 1039.4075, 542.85693, 783.3214 ],[ 83.47632, 489.38242, 906.8174 ],[ 649.97485, 438.97122, 952.55334 ],[ 451.59448, 436.8169, 966.1682 ],[ 675.1259, 675.4747, 992.73364 ],[ 452.01318, 695.28033, 947.1404 ],[ 637.3158, 846.7824, 1087.6443 ],[ 484.57037, 881.763, 1030.6951 ]
[ 540.5542, 24.27538, 923.27075 ],[ 557.2543, 201.46759, 988.0472 ],[ 553.0531, 317.56903, 971.7925 ],[ 715.9962, 201.41666, 979.2282 ],[ 401.32104, 201.51761, 996.86615 ],[ 833.1791, 353.4773, 938.46875 ],[ 301.67896, 332.5866, 1007.6619 ],[ 1032.9292, 542.2091, 785.59296 ],[ 82.77881, 483.62912, 901.5041 ],[ 650.05524, 438.94644, 950.07245 ],[ 448.51562, 436.30963, 961.0031 ],[ 672.75494, 676.3218, 989.36584 ],[ 448.86047, 693.5684, 948.1886 ],[ 637.5306, 849.64294, 1081.9952 ],[ 480.87708, 879.19244, 1032.5662 ]
[ 539.831, 23.12603, 922.5234 ],[ 556.12195, 201.10847, 988.3129 ],[ 551.8949, 316.88324, 971.0318 ],[ 715.2661, 200.91528, 979.16626 ],[ 399.8966, 201.2981, 997.4596 ],[ 832.3656, 352.95856, 933.66016 ],[ 299.21075, 330.71628, 1008.87695 ],[ 1033.2585, 544.49713, 783.79913 ],[ 76.57678, 488.37756, 895.00146 ],[ 648.6191, 438.13046, 948.12115 ],[ 447.59668, 435.5915, 959.3802 ],[ 670.3238, 675.89514, 987.07306 ],[ 445.8047, 692.65125, 947.3787 ],[ 638.4088, 850.69714, 1078.0359 ],[ 477.4375, 877.2661, 1033.0427 ]
[ 539.8275, 20.469532, 919.85956 ],[ 555.21173, 199.97778, 987.01154 ],[ 551.4487, 315.82428, 969.8929 ],[ 714.5323, 199.32117, 976.71246 ],[ 399.18164, 200.62082, 997.3106 ],[ 831.67773, 351.33026, 935.422 ],[ 294.92395, 328.1615, 1005.5629 ],[ 1027.2891, 541.2352, 788.88257 ],[ 74.77576, 490.72156, 890.32214 ],[ 648.91205, 436.9988, 946.4218 ],[ 447.53174, 434.684, 959.12665 ],[ 668.0033, 675.6903, 983.98615 ],[ 443.49524, 691.2799, 947.7716 ],[ 636.78784, 850.95166, 1074.7434 ],[ 474.54443, 874.60156, 1034.9342 ]
[ 539.62634, 17.780933, 919.0698 ],[ 554.4353, 195.46585, 983.7767 ],[ 550.5224, 312.62054, 967.19745 ],[ 715.1874, 194.3262, 970.4778 ],[ 397.9713, 196.57509, 997.07556 ],[ 830.9404, 352.06238, 937.702 ],[ 293.13995, 324.20947, 1004.02954 ],[ 1025.1395, 546.2961, 789.74805 ],[ 77.21399, 486.34018, 888.84503 ],[ 646.8665, 435.19107, 942.5463 ],[ 447.77026, 432.55472, 958.6901 ],[ 665.87823, 674.7551, 980.11304 ],[ 441.6167, 689.00696, 947.5332 ],[ 635.3955, 850.6495, 1070.8448 ],[ 474.81866, 874.7063, 1031.532 ]
[ 538.3489, 15.981349, 919.2572 ],[ 553.9138, 195.5825, 985.3541 ],[ 549.9324, 311.63498, 967.6919 ],[ 713.9326, 194.29527, 971.71423 ],[ 398.26465, 196.83456, 998.994 ],[ 824.63684, 343.73404, 938.42975 ],[ 293.9969, 325.30093, 1004.76544 ],[ 1019.41907, 541.5982, 792.0793 ],[ 78.575195, 487.7249, 881.40955 ],[ 645.517, 433.26932, 941.786 ],[ 447.80457, 430.75763, 958.2733 ],[ 663.9187, 673.0341, 979.2008 ],[ 439.83423, 688.23755, 944.2408 ],[ 634.5415, 849.6721, 1069.1777 ],[ 475.27075, 875.8214, 1026.2986 ]
[ 538.00116, 14.711055, 918.9372 ],[ 554.27856, 195.1571, 985.5753 ],[ 550.09454, 310.9368, 967.93024 ],[ 713.64374, 194.0168, 972.163 ],[ 399.19263, 196.2668, 998.9876 ],[ 825.599, 344.81952, 939.36163 ],[ 293.70264, 325.22583, 1003.50964 ],[ 1018.7007, 542.2222, 797.99805 ],[ 80.84473, 489.6618, 875.0129 ],[ 645.30804, 432.33743, 942.1593 ],[ 447.8905, 429.71716, 958.411 ],[ 662.203, 672.7797, 977.6254 ],[ 438.33423, 687.6288, 942.5005 ],[ 633.7694, 849.5367, 1067.6262 ],[ 473.7422, 874.6315, 1025.5884 ]
[ 537.35767, 13.880253, 918.74866 ],[ 553.75134, 194.67787, 985.098 ],[ 549.95917, 310.46402, 967.9489 ],[ 713.5952, 193.24872, 971.02405 ],[ 398.41064, 196.06674, 999.172 ],[ 825.58856, 344.81622, 939.04834 ],[ 293.38684, 325.44446, 1003.06586 ],[ 1005.08984, 537.9747, 802.59546 ],[ 86.18677, 490.16046, 875.0758 ],[ 644.9735, 431.65826, 942.33936 ],[ 448.8319, 429.21735, 959.26013 ],[ 660.39734, 672.3984, 976.8198 ],[ 437.08423, 687.87415, 940.1784 ],[ 633.002, 849.21643, 1066.8092 ],[ 472.32507, 874.17676, 1024.5518 ]
[ 535.6864, 12.806702, 917.5207 ],[ 552.81195, 192.36737, 981.33014 ],[ 549.2036, 308.97018, 965.006 ],[ 713.86115, 190.47215, 965.082 ],[ 397.0089, 194.20087, 997.5783 ],[ 821.89386, 343.13474, 938.6756 ],[ 289.90906, 322.3471, 997.8939 ],[ 992.4829, 544.1392, 809.50714 ],[ 83.63013, 493.91714, 856.83264 ],[ 644.2499, 430.87396, 938.9782 ],[ 448.69275, 428.32373, 958.38544 ],[ 658.64777, 671.3182, 975.4989 ],[ 436.75305, 687.44934, 937.9543 ],[ 632.2167, 848.6379, 1064.9614 ],[ 471.4087, 872.9002, 1023.7829 ]
[ 533.2466, 11.899776, 916.33514 ],[ 552.0215, 191.09818, 977.44214 ],[ 548.80945, 307.45612, 960.8331 ],[ 713.9806, 188.69606, 960.0878 ],[ 395.71313, 193.41647, 994.79645 ],[ 821.48425, 344.68912, 939.88086 ],[ 286.24915, 324.61954, 986.3161 ],[ 980.04846, 547.90393, 816.0786 ],[ 87.346924, 496.6295, 844.9869 ],[ 644.4362, 429.05603, 933.90283 ],[ 448.67242, 426.7839, 954.5454 ],[ 657.30054, 669.29004, 973.51086 ],[ 436.607, 686.0266, 936.189 ],[ 631.5717, 847.4811, 1062.3169 ],[ 471.10876, 871.8323, 1021.9679 ]
[ 530.76385, 10.830135, 916.84186 ],[ 551.4578, 189.57523, 971.9985 ],[ 548.73315, 306.44296, 955.84375 ],[ 713.65967, 187.33376, 956.82184 ],[ 394.2433, 191.74774, 987.1751 ],[ 815.6632, 342.24338, 942.30255 ],[ 283.51794, 326.50992, 971.79974 ],[ 960.618, 544.2056, 834.4648 ],[ 95.94629, 495.45404, 841.1429 ],[ 645.81903, 428.27164, 930.59265 ],[ 447.92627, 426.40433, 948.7854 ],[ 656.45135, 667.94165, 973.221 ],[ 436.12036, 686.37726, 932.6251 ],[ 631.3954, 848.39124, 1059.0415 ],[ 469.84302, 874.8569, 1015.6507 ]
[ 528.5995, 9.873619, 916.6705 ],[ 550.02954, 188.26825, 966.52844 ],[ 548.2196, 306.5133, 951.76685 ],[ 712.7763, 186.07292, 953.5534 ],[ 391.59436, 190.40541, 979.5035 ],[ 809.4236, 341.00412, 947.3826 ],[ 281.38196, 326.8111, 957.45276 ],[ 943.10846, 543.4849, 851.47296 ],[ 94.46655, 503.30872, 817.24994 ],[ 646.8358, 429.14697, 929.1964 ],[ 447.53052, 427.83212, 944.8141 ],[ 655.79517, 669.04083, 971.8015 ],[ 436.67468, 688.6668, 929.07733 ],[ 630.958, 851.70953, 1054.5459 ],[ 469.6203, 880.9153, 1007.5948 ]
[ 526.23584, 9.352264, 916.1985 ],[ 548.2313, 187.7815, 961.7093 ],[ 547.5171, 307.06528, 948.63605 ],[ 711.1558, 185.5963, 951.1321 ],[ 388.85162, 189.91916, 972.2865 ],[ 797.3437, 341.9152, 960.13824 ],[ 282.54553, 327.6715, 951.4664 ],[ 928.5237, 543.8911, 872.8673 ],[ 101.72778, 503.39423, 806.48785 ],[ 647.65894, 429.99536, 929.1645 ],[ 447.27722, 429.37433, 941.9611 ],[ 655.148, 670.13904, 971.03156 ],[ 436.73346, 691.3743, 925.1263 ],[ 629.6787, 854.45, 1051.3484 ],[ 468.79993, 887.1872, 999.5584 ]
[ 524.5431, 9.094925, 914.6038 ],[ 546.875, 187.76532, 958.8417 ],[ 546.9117, 308.01108, 944.73517 ],[ 710.0856, 185.78925, 952.14557 ],[ 385.92822, 189.71397, 965.5378 ],[ 789.9788, 343.02414, 968.5278 ],[ 283.0686, 329.39764, 942.12854 ],[ 917.09515, 542.9454, 894.3055 ],[ 98.25415, 509.1441, 785.0773 ],[ 648.89703, 431.74033, 926.5584 ],[ 445.88983, 432.06268, 934.6989 ],[ 655.3645, 672.4525, 968.42847 ],[ 436.5406, 693.6427, 924.2269 ],[ 629.5818, 857.4644, 1048.1189 ],[ 468.1635, 891.3806, 996.1154 ]
[ 521.0886, 7.45348, 911.2901 ],[ 546.3398, 188.83743, 958.6237 ],[ 546.67444, 308.89456, 944.9413 ],[ 709.26544, 187.03697, 953.54596 ],[ 385.1311, 190.61893, 963.7015 ],[ 780.64844, 345.4361, 977.2943 ],[ 288.60034, 335.9396, 935.9998 ],[ 907.4115, 545.15485, 914.0074 ],[ 102.670654, 514.30023, 772.37585 ],[ 649.3355, 432.16364, 928.155 ],[ 445.38202, 432.79333, 934.3627 ],[ 654.9355, 672.52185, 970.0542 ],[ 435.8271, 696.1765, 919.8321 ],[ 632.2906, 857.32495, 1049.8955 ],[ 466.98718, 891.65295, 995.7131 ]
[ 509.7605, 9.264908, 891.2549 ],[ 543.09045, 189.88731, 951.8426 ],[ 544.3279, 313.3672, 938.94434 ],[ 707.5206, 188.34431, 950.5596 ],[ 379.1029, 191.42621, 953.1256 ],[ 777.5012, 349.65314, 982.1302 ],[ 287.72266, 340.83344, 926.73926 ],[ 901.0181, 546.2656, 935.33435 ],[ 94.30493, 520.2071, 752.71313 ],[ 649.36584, 439.52637, 925.258 ],[ 442.0099, 441.04596, 926.83417 ],[ 654.8239, 678.0655, 971.6764 ],[ 434.81396, 705.4672, 915.3635 ],[ 631.3522, 863.67004, 1049.3177 ],[ 465.97754, 898.8551, 994.1433 ]
[ 498.0268, 14.098644, 877.4813 ],[ 537.20795, 193.70834, 940.8293 ],[ 539.89264, 320.92694, 932.683 ],[ 705.3007, 192.53104, 945.18774 ],[ 367.55054, 194.89662, 936.4708 ],[ 776.6206, 354.65137, 983.3585 ],[ 266.5404, 352.79736, 900.61414 ],[ 895.35974, 552.935, 951.3242 ],[ 93.497314, 523.1228, 736.4271 ],[ 646.833, 448.92358, 927.1876 ],[ 437.81708, 451.85968, 921.88574 ],[ 655.23126, 685.9127, 974.95715 ],[ 433.4264, 718.72546, 908.6246 ],[ 629.94147, 871.4628, 1051.0333 ],[ 464.73218, 910.2315, 990.1925 ]
[ 495.47852, 15.174313, 876.2192 ],[ 532.0759, 196.47589, 934.19305 ],[ 536.28656, 325.45746, 929.5412 ],[ 702.9687, 195.06111, 941.9715 ],[ 358.31354, 197.91443, 926.4146 ],[ 773.6924, 358.33542, 985.7791 ],[ 259.4264, 364.2993, 867.351 ],[ 892.5138, 551.0591, 974.3806 ],[ 90.970215, 516.08325, 737.4285 ],[ 644.3432, 453.5758, 929.5538 ],[ 435.68347, 457.91907, 920.2249 ],[ 655.61884, 690.0318, 976.97546 ],[ 432.80103, 727.09656, 903.3225 ],[ 628.4713, 876.4479, 1050.9657 ],[ 463.73938, 916.25165, 988.375 ]
[ 488.55347, 17.17949, 870.2704 ],[ 524.8146, 200.40411, 928.35913 ],[ 531.3663, 330.46075, 926.87286 ],[ 697.7432, 198.06244, 938.30804 ],[ 348.1394, 202.79655, 918.4102 ],[ 773.526, 359.79718, 986.2047 ],[ 251.21497, 371.5733, 856.63776 ],[ 888.762, 549.48627, 995.1376 ],[ 98.11084, 508.2895, 731.2029 ],[ 642.142, 457.85703, 931.3419 ],[ 432.386, 464.0531, 919.4313 ],[ 655.549, 693.92395, 978.6687 ],[ 432.44354, 735.9174, 897.7501 ],[ 626.4794, 881.2973, 1050.6779 ],[ 463.31787, 922.4394, 986.63605 ]
[ 483.53052, 18.104496, 866.73395 ],[ 517.74426, 204.54364, 919.5537 ],[ 526.8269, 334.65335, 922.586 ],[ 694.5667, 201.35956, 935.12665 ],[ 334.8296, 207.83743, 903.9808 ],[ 773.5192, 363.52335, 989.70935 ],[ 246.31555, 374.50455, 853.95264 ],[ 894.3961, 554.253, 1009.0972 ],[ 86.983154, 515.6835, 712.4582 ],[ 639.35925, 459.5107, 934.74634 ],[ 430.27905, 468.39813, 916.49023 ],[ 655.1405, 695.51135, 980.6428 ],[ 432.2824, 742.48596, 892.3793 ],[ 624.607, 883.89435, 1050.6733 ],[ 463.17926, 928.0355, 983.1149 ]
[ 481.52313, 19.368267, 865.6956 ],[ 515.4776, 206.83324, 917.6657 ],[ 525.6194, 337.84262, 922.9269 ],[ 688.56744, 203.21533, 933.4916 ],[ 336.3128, 210.57816, 901.83984 ],[ 772.96747, 361.88983, 1001.5327 ],[ 247.38477, 378.2807, 857.6702 ],[ 897.37714, 547.23425, 1027.6467 ],[ 92.84973, 518.0892, 717.7142 ],[ 637.5098, 462.62903, 937.56067 ],[ 431.70447, 472.2014, 918.8154 ],[ 654.9855, 699.9196, 979.5565 ],[ 432.4997, 748.1645, 889.5155 ],[ 623.21497, 889.15454, 1048.4086 ],[ 464.0705, 933.44543, 980.79767 ]
[ 481.35986, 19.287472, 863.0695 ],[ 519.12585, 205.66072, 916.58453 ],[ 528.79016, 338.30853, 925.09283 ],[ 692.34753, 202.35239, 932.8126 ],[ 339.6599, 209.08827, 900.35645 ],[ 774.6595, 362.28378, 1009.1888 ],[ 251.94775, 375.23788, 861.1901 ],[ 901.5258, 543.31067, 1042.3373 ],[ 100.499756, 511.59705, 717.2734 ],[ 639.0502, 463.94464, 943.165 ],[ 435.4204, 473.2276, 924.0373 ],[ 654.29205, 702.8269, 979.2672 ],[ 432.2627, 751.32587, 886.136 ],[ 623.69617, 893.2269, 1046.4231 ],[ 463.5371, 936.03516, 978.53296 ]
[ 476.90057, 21.624336, 855.6209 ],[ 520.9848, 208.57874, 910.2048 ],[ 531.0248, 340.99548, 922.58673 ],[ 691.6811, 205.18393, 929.74994 ],[ 342.79675, 212.12253, 890.6596 ],[ 777.3429, 361.71393, 1016.8593 ],[ 253.04407, 377.2757, 860.86694 ],[ 907.4516, 541.5628, 1050.4111 ],[ 99.937744, 508.55154, 712.0344 ],[ 640.67664, 464.69144, 946.64124 ],[ 438.39563, 475.25024, 923.29614 ],[ 653.5864, 704.5381, 979.3649 ],[ 433.16516, 753.96893, 885.0939 ],[ 624.03876, 895.7903, 1045.4072 ],[ 463.16638, 940.04193, 976.04877 ]
[ 468.96228, 28.732222, 840.6933 ],[ 523.3534, 210.40788, 905.7423 ],[ 533.2954, 342.93762, 920.73126 ],[ 693.9732, 207.00648, 927.4547 ],[ 344.35254, 213.97636, 884.0299 ],[ 777.9136, 360.46246, 1021.69775 ],[ 230.68835, 388.23914, 837.00397 ],[ 912.8016, 541.9934, 1056.7434 ],[ 98.49756, 507.8786, 713.69727 ],[ 643.2441, 465.61612, 948.8164 ],[ 439.74573, 476.98593, 922.624 ],[ 652.62775, 706.4507, 978.7809 ],[ 434.84528, 756.2909, 884.1298 ],[ 622.99567, 897.9169, 1044.7006 ],[ 463.29395, 941.9182, 975.77234 ]
[ 464.18958, 33.098774, 834.1943 ],[ 527.6741, 213.25497, 899.20825 ],[ 539.5586, 347.01303, 916.3219 ],[ 696.5715, 208.9293, 927.6957 ],[ 347.72522, 217.86371, 870.7208 ],[ 778.68475, 359.8911, 1024.9756 ],[ 236.39697, 387.17804, 843.31134 ],[ 917.9714, 540.09796, 1061.2488 ],[ 106.45349, 503.43906, 712.35815 ],[ 647.3732, 468.76706, 950.1537 ],[ 451.1264, 483.22464, 916.7174 ],[ 653.3173, 710.6476, 977.4253 ],[ 431.55725, 762.45605, 883.3953 ],[ 621.7672, 902.2497, 1043.1703 ],[ 460.1101, 946.9703, 975.96484 ]
[ 466.50378, 30.417385, 837.2725 ],[ 530.4181, 215.11359, 896.2467 ],[ 543.5175, 349.31055, 915.95447 ],[ 699.3556, 209.95044, 926.7573 ],[ 349.57312, 220.64064, 865.7361 ],[ 779.81604, 360.24512, 1026.9791 ],[ 237.79553, 389.37744, 844.69135 ],[ 921.51447, 538.126, 1058.8192 ],[ 103.230225, 502.62155, 710.79395 ],[ 654.1459, 469.79446, 953.988 ],[ 454.0656, 486.23608, 917.3365 ],[ 652.4041, 716.5309, 977.1795 ],[ 430.2694, 769.34845, 884.51776 ],[ 618.5369, 910.4024, 1044.0662 ],[ 458.93628, 955.7822, 978.31055 ]
[ 468.1485, 30.46503, 833.0681 ],[ 539.0084, 218.91449, 894.19434 ],[ 547.32477, 351.0495, 914.2778 ],[ 711.9327, 215.66486, 924.4261 ],[ 353.98224, 222.39156, 863.9626 ],[ 779.5293, 359.73593, 1025.4343 ],[ 242.72461, 389.93137, 845.2321 ],[ 924.6973, 536.14874, 1053.975 ],[ 107.299194, 504.89282, 709.642 ],[ 654.00275, 470.80063, 952.19324 ],[ 452.72308, 484.4687, 916.5292 ],[ 652.9333, 716.87115, 977.61237 ],[ 431.0149, 765.9215, 887.7735 ],[ 615.90546, 907.2171, 1048.8906 ],[ 459.25525, 953.5905, 979.79474 ]
